data[0] = 12.300000
data[1] = 14.500000
data[2] = 16.799999
data[3] = 18.330000
data[4] = 12.100000
